    0.0500   -5.0596   33.8480
    0.0550   -4.8384   31.6785
    0.0600   -4.6258   29.6461
    0.0650   -4.4214   27.7421
    0.0700   -4.2251   25.9586
    0.0750   -4.0773   24.2594
    0.0800   -3.8856   22.7206
    0.0850   -3.7023   21.2781
    0.0900   -3.5270   19.9260
    0.0950   -3.3595   18.6586
    0.1000   -3.1994   17.4706
    0.1050   -3.0523   16.3457
    0.1100   -2.9113   15.2919
    0.1150   -2.7763   14.3045
    0.1200   -2.6470   13.3795
    0.1250   -2.5231   12.5128
    0.1300   -2.4045   11.7009
    0.1350   -2.2910   10.9401
    0.1400   -2.1823   10.2273
    0.1450   -2.0783    9.5594
    0.1500   -1.9787    8.9336
    0.1550   -1.8811    8.3483
    0.1600   -1.7834    7.8120
    0.1650   -1.6903    7.3088
    0.1700   -1.6018    6.8365
    0.1750   -1.5174    6.3932
    0.1800   -1.4371    5.9772
    0.1850   -1.3606    5.5866
    0.1900   -1.2878    5.2199
    0.1950   -1.2184    4.8756
    0.2000   -1.1523    4.5523
    0.2050   -1.0914    4.2444
    0.2100   -1.0331    3.9555
    0.2150   -0.9775    3.6843
    0.2200   -0.9243    3.4297
    0.2250   -0.8734    3.1907
    0.2300   -0.8248    2.9664
    0.2350   -0.7783    2.7558
    0.2400   -0.7338    2.5580
    0.2450   -0.6912    2.3722
    0.2500   -0.6504    2.1978
    0.2550   -0.6079    2.0408
    0.2600   -0.5689    1.8905
    0.2650   -0.5318    1.7490
    0.2700   -0.4964    1.6159
    0.2750   -0.4626    1.4906
    0.2800   -0.4304    1.3726
    0.2850   -0.3997    1.2616
    0.2900   -0.3703    1.1571
    0.2950   -0.3424    1.0587
    0.3000   -0.3157    0.9661
    0.3050   -0.2906    0.8780
    0.3100   -0.2666    0.7952
    0.3150   -0.2436    0.7174
    0.3200   -0.2216    0.6443
    0.3250   -0.2006    0.5757
    0.3300   -0.1805    0.5112
    0.3350   -0.1612    0.4507
    0.3400   -0.1427    0.3939
    0.3450   -0.1251    0.3407
    0.3500   -0.1082    0.2908
    0.3550   -0.0915    0.2451
    0.3600   -0.0759    0.2016
    0.3650   -0.0611    0.1608
    0.3700   -0.0469    0.1226
    0.3750   -0.0335    0.0867
    0.3800   -0.0207    0.0531
    0.3850   -0.0085    0.0217
    0.3900    0.0031   -0.0077
    0.3950    0.0141   -0.0352
    0.4000    0.0245   -0.0608
    0.4050    0.0345   -0.0846
    0.4100    0.0440   -0.1066
    0.4150    0.0530   -0.1271
    0.4200    0.0615   -0.1459
    0.4250    0.0696   -0.1633
    0.4300    0.0773   -0.1794
    0.4350    0.0845   -0.1941
    0.4400    0.0914   -0.2075
    0.4450    0.0979   -0.2197
    0.4500    0.1040   -0.2309
    0.4550    0.1093   -0.2419
    0.4600    0.1145   -0.2515
    0.4650    0.1194   -0.2602
    0.4700    0.1239   -0.2681
    0.4750    0.1281   -0.2751
    0.4800    0.1320   -0.2813
    0.4850    0.1356   -0.2868
    0.4900    0.1389   -0.2916
    0.4950    0.1419   -0.2957
    0.5000    0.1447   -0.2991
    0.5050    0.1473   -0.3017
    0.5100    0.1497   -0.3036
    0.5150    0.1518   -0.3050
    0.5200    0.1537   -0.3059
    0.5250    0.1554   -0.3062
    0.5300    0.1569   -0.3062
    0.5350    0.1582   -0.3057
    0.5400    0.1593   -0.3047
    0.5450    0.1602   -0.3035
    0.5500    0.1606   -0.3024
    0.5550    0.1609   -0.3011
    0.5600    0.1612   -0.2995
    0.5650    0.1612   -0.2976
    0.5700    0.1611   -0.2955
    0.5750    0.1609   -0.2930
    0.5800    0.1605   -0.2904
    0.5850    0.1600   -0.2875
    0.5900    0.1594   -0.2845
    0.5950    0.1587   -0.2812
    0.6000    0.1578   -0.2778
    0.6050    0.1570   -0.2739
    0.6100    0.1560   -0.2699
    0.6150    0.1549   -0.2658
    0.6200    0.1538   -0.2615
    0.6250    0.1526   -0.2572
    0.6300    0.1513   -0.2528
    0.6350    0.1499   -0.2482
    0.6400    0.1485   -0.2437
    0.6450    0.1469   -0.2390
    0.6500    0.1454   -0.2343
    0.6550    0.1438   -0.2304
    0.6600    0.1419   -0.2262
    0.6650    0.1401   -0.2219
    0.6700    0.1382   -0.2176
    0.6750    0.1362   -0.2133
    0.6800    0.1343   -0.2090
    0.6850    0.1323   -0.2046
    0.6900    0.1303   -0.2003
    0.6950    0.1282   -0.1960
    0.7000    0.1262   -0.1917
    0.7050    0.1242   -0.1871
    0.7100    0.1221   -0.1826
    0.7150    0.1201   -0.1782
    0.7200    0.1181   -0.1737
    0.7250    0.1160   -0.1693
    0.7300    0.1140   -0.1650
    0.7350    0.1119   -0.1607
    0.7400    0.1099   -0.1564
    0.7450    0.1078   -0.1522
    0.7500    0.1053   -0.1484
    0.7550    0.1032   -0.1446
    0.7600    0.1011   -0.1409
    0.7650    0.0990   -0.1373
    0.7700    0.0969   -0.1337
    0.7750    0.0949   -0.1301
    0.7800    0.0929   -0.1266
    0.7850    0.0909   -0.1232
    0.7900    0.0889   -0.1198
    0.7950    0.0869   -0.1164
    0.8000    0.0849   -0.1132
    0.8050    0.0830   -0.1098
    0.8100    0.0811   -0.1065
    0.8150    0.0792   -0.1033
    0.8200    0.0774   -0.1002
    0.8250    0.0755   -0.0971
    0.8300    0.0737   -0.0940
    0.8350    0.0719   -0.0911
    0.8400    0.0702   -0.0882
    0.8450    0.0684   -0.0854
    0.8500    0.0667   -0.0826
    0.8550    0.0651   -0.0803
    0.8600    0.0634   -0.0779
    0.8650    0.0618   -0.0755
    0.8700    0.0602   -0.0731
    0.8750    0.0586   -0.0708
    0.8800    0.0571   -0.0686
    0.8850    0.0555   -0.0664
    0.8900    0.0541   -0.0642
    0.8950    0.0526   -0.0622
    0.9000    0.0512   -0.0601
    0.9050    0.0498   -0.0581
    0.9100    0.0484   -0.0561
    0.9150    0.0471   -0.0542
    0.9200    0.0458   -0.0523
    0.9250    0.0445   -0.0505
    0.9300    0.0432   -0.0487
    0.9350    0.0420   -0.0470
    0.9400    0.0408   -0.0453
    0.9450    0.0396   -0.0437
    0.9500    0.0384   -0.0421
