    0.0500  -15.9312    6.4496
    0.0550  -14.8849    6.0774
    0.0600  -13.9061    5.7264
    0.0650  -12.9905    5.3957
    0.0700  -12.1341    5.0839
    0.0750  -11.3128    4.7931
    0.0800  -10.5999    4.5098
    0.0850   -9.9313    4.2432
    0.0900   -9.3044    3.9922
    0.0950   -8.7166    3.7559
    0.1000   -8.1654    3.5335
    0.1050   -7.6342    3.3265
    0.1100   -7.1368    3.1316
    0.1150   -6.6712    2.9479
    0.1200   -6.2352    2.7749
    0.1250   -5.8270    2.6118
    0.1300   -5.4448    2.4582
    0.1350   -5.0870    2.3134
    0.1400   -4.7520    2.1769
    0.1450   -4.4383    2.0483
    0.1500   -4.1446    1.9270
    0.1550   -3.8874    1.8083
    0.1600   -3.6435    1.6984
    0.1650   -3.4144    1.5950
    0.1700   -3.1990    1.4976
    0.1750   -2.9966    1.4059
    0.1800   -2.8063    1.3195
    0.1850   -2.6274    1.2380
    0.1900   -2.4592    1.1613
    0.1950   -2.3010    1.0890
    0.2000   -2.1522    1.0209
    0.2050   -2.0080    0.9572
    0.2100   -1.8726    0.8971
    0.2150   -1.7455    0.8404
    0.2200   -1.6261    0.7869
    0.2250   -1.5139    0.7364
    0.2300   -1.4086    0.6887
    0.2350   -1.3096    0.6436
    0.2400   -1.2166    0.6011
    0.2450   -1.1291    0.5608
    0.2500   -1.0470    0.5228
    0.2550   -0.9804    0.4849
    0.2600   -0.9105    0.4506
    0.2650   -0.8446    0.4183
    0.2700   -0.7823    0.3877
    0.2750   -0.7235    0.3588
    0.2800   -0.6680    0.3315
    0.2850   -0.6156    0.3057
    0.2900   -0.5662    0.2813
    0.2950   -0.5194    0.2583
    0.3000   -0.4753    0.2365
    0.3050   -0.4329    0.2160
    0.3100   -0.3930    0.1966
    0.3150   -0.3554    0.1782
    0.3200   -0.3199    0.1608
    0.3250   -0.2865    0.1444
    0.3300   -0.2551    0.1289
    0.3350   -0.2254    0.1143
    0.3400   -0.1975    0.1004
    0.3450   -0.1713    0.0873
    0.3500   -0.1466    0.0749
    0.3550   -0.1243    0.0631
    0.3600   -0.1026    0.0520
    0.3650   -0.0821    0.0416
    0.3700   -0.0628    0.0318
    0.3750   -0.0446    0.0226
    0.3800   -0.0274    0.0139
    0.3850   -0.0112    0.0057
    0.3900    0.0040   -0.0020
    0.3950    0.0183   -0.0093
    0.4000    0.0318   -0.0161
    0.4050    0.0444   -0.0224
    0.4100    0.0561   -0.0284
    0.4150    0.0671   -0.0340
    0.4200    0.0774   -0.0392
    0.4250    0.0869   -0.0441
    0.4300    0.0958   -0.0486
    0.4350    0.1040   -0.0528
    0.4400    0.1117   -0.0568
    0.4450    0.1187   -0.0604
    0.4500    0.1252   -0.0637
    0.4550    0.1319   -0.0667
    0.4600    0.1377   -0.0696
    0.4650    0.1430   -0.0722
    0.4700    0.1479   -0.0745
    0.4750    0.1524   -0.0767
    0.4800    0.1564   -0.0786
    0.4850    0.1601   -0.0804
    0.4900    0.1634   -0.0819
    0.4950    0.1664   -0.0833
    0.5000    0.1690   -0.0845
    0.5050    0.1711   -0.0855
    0.5100    0.1730   -0.0864
    0.5150    0.1745   -0.0871
    0.5200    0.1758   -0.0877
    0.5250    0.1768   -0.0882
    0.5300    0.1776   -0.0885
    0.5350    0.1781   -0.0887
    0.5400    0.1784   -0.0888
    0.5450    0.1785   -0.0888
    0.5500    0.1787   -0.0886
    0.5550    0.1786   -0.0884
    0.5600    0.1784   -0.0882
    0.5650    0.1781   -0.0878
    0.5700    0.1775   -0.0874
    0.5750    0.1768   -0.0868
    0.5800    0.1760   -0.0863
    0.5850    0.1750   -0.0856
    0.5900    0.1739   -0.0849
    0.5950    0.1727   -0.0841
    0.6000    0.1714   -0.0833
    0.6050    0.1698   -0.0824
    0.6100    0.1681   -0.0815
    0.6150    0.1664   -0.0805
    0.6200    0.1646   -0.0795
    0.6250    0.1626   -0.0785
    0.6300    0.1607   -0.0774
    0.6350    0.1586   -0.0763
    0.6400    0.1565   -0.0752
    0.6450    0.1543   -0.0740
    0.6500    0.1521   -0.0728
    0.6550    0.1504   -0.0716
    0.6600    0.1483   -0.0705
    0.6650    0.1462   -0.0693
    0.6700    0.1440   -0.0681
    0.6750    0.1418   -0.0669
    0.6800    0.1395   -0.0656
    0.6850    0.1373   -0.0644
    0.6900    0.1350   -0.0632
    0.6950    0.1327   -0.0619
    0.7000    0.1304   -0.0607
    0.7050    0.1280   -0.0595
    0.7100    0.1256   -0.0582
    0.7150    0.1232   -0.0570
    0.7200    0.1208   -0.0557
    0.7250    0.1184   -0.0545
    0.7300    0.1161   -0.0533
    0.7350    0.1137   -0.0521
    0.7400    0.1113   -0.0509
    0.7450    0.1090   -0.0497
    0.7500    0.1066   -0.0485
    0.7550    0.1044   -0.0473
    0.7600    0.1022   -0.0462
    0.7650    0.1001   -0.0451
    0.7700    0.0979   -0.0440
    0.7750    0.0958   -0.0429
    0.7800    0.0937   -0.0418
    0.7850    0.0916   -0.0407
    0.7900    0.0895   -0.0397
    0.7950    0.0874   -0.0387
    0.8000    0.0854   -0.0376
    0.8050    0.0834   -0.0366
    0.8100    0.0813   -0.0356
    0.8150    0.0793   -0.0347
    0.8200    0.0774   -0.0337
    0.8250    0.0754   -0.0327
    0.8300    0.0735   -0.0318
    0.8350    0.0716   -0.0309
    0.8400    0.0698   -0.0300
    0.8450    0.0680   -0.0291
    0.8500    0.0662   -0.0283
    0.8550    0.0649   -0.0275
    0.8600    0.0632   -0.0267
    0.8650    0.0615   -0.0259
    0.8700    0.0599   -0.0251
    0.8750    0.0583   -0.0244
    0.8800    0.0567   -0.0237
    0.8850    0.0551   -0.0229
    0.8900    0.0536   -0.0222
    0.8950    0.0521   -0.0216
    0.9000    0.0507   -0.0209
    0.9050    0.0493   -0.0202
    0.9100    0.0479   -0.0196
    0.9150    0.0465   -0.0190
    0.9200    0.0452   -0.0183
    0.9250    0.0439   -0.0178
    0.9300    0.0426   -0.0172
    0.9350    0.0413   -0.0166
    0.9400    0.0401   -0.0161
    0.9450    0.0389   -0.0155
    0.9500    0.0378   -0.0150
